000000000000000000000000000000000000000000000
000000000000000000000000000000000000000100000
000000000000000000000000000000000000000000000
000000000000000000000000000000000000000000000
000000000000000000000000000000000000000000000
000000000000000000000000000000000000000000000
000000000000000000000000000000000000000000000
000000000000000000000000000000000000000000000
000000000000000000000000000000000000000000000
000000000000000000000000000000000000000000000
000000000000000000000000000000000000000000000
000000000000000000000000000000000000000000000
000000000000000000000000000000000000000000003
000000000000000000000000000000000000000000000
000000000000000000020000000000000000000000000
000000000000000000000000000000000000000000000
000000000000000000000000000000000000000600000
000000000000000000000000000000000000000000000
000000000000000000000000500000000000000000000
000000000000000000000800000000000000000000000
000000000000000000000009000000000070000000000
000000000000000004000000000000000000000000000
000000000000000000000000000000000000000000000
