000033333333333333330044444444444444444444444
033333333333333333330000000000000000000044444
033333333333333333330000000000000000000000444
000003333333333333300000000000000000000000044
000000000000003333300000000000000000022000004
000000000000003333300000000000000000022000004
000000000000000333000000000040000000000000004
000000000000000000000000000044000000000000004
000000033330000000000033330004000400000000044
000000033330000000000033330000000400044444444
000000033330000000000333330000000000044444444
000000000000000000000333330000000000044444444
000004000000000004444400000000000000000044440
000044000000000004444400000000000000000000000
000044400000000004004400000000000000000000004
000004400000000004004400000000000000033000004
000000000000000000000000000000000000033000004
000000000000000000000000000000000000000000444
000000000000000000000000004444000000000000444
000000000000000000004044444004000000000000444
000000000000000000004000000004333304444444444
444444444444444400004000004444333344444444444
444444444444444433334444444333333344444444444
